00000000000000000000000000000000000000000000000000
00000000000000000000000000000000000000000000000000
00000000000000000000000000000000000000000000000000
00000000000000000000000000000000000000000000000000
00000000000000000000000000000000000000110000000000
00000000000000000000000000000000000001001000000000
00000000000110000000000000000000000001010000000000
00000000000110000000000000000000000000100000000000
00000000000000000000000000000000000000000000000000
00000000000000000000000000000000000000000000000000
00000000000000000000000000000000000000000000110000
00000000000000000000000000000000000000000001001000
00000000000000000100000000010000000000000000110000
00000000000000000100000000101000000000000000000000
00000000000000000100000000100100001100000000000000
00000000000000000000000000011000001100000000000000
00000000000000000000000000000000000000000000000000
00000000000000000000000000000000000000000000000000
00000000000000000000000000000000000000000000000000
00000000000000000000000000000000000000000000000000
00000000000000000000000000000000110000000000000000
00000000000000000000000000000000110000000000000000
00000001000000000000000000000000000000000000000000
00000010100000000000000000000000000000000001100000
00000001100000000000000000000000000000000001100000
00000000000000000000000000011000001000000000000000
00000000000000000000000000011000010100000000000000
00000000000000000000000000000000010100000000000000
00000000000000001100000000000000001000000000001100
00000000000000001100000000000000000000000000001100
00000000000010000000000000000000000000000000000000
00000000000010000000000000000011000000000000000000
00000000000010000000000000000011000000000000000000
00000000000000000000000000000000000000000000000000
00000000111000111000000000000000000000000000000000
00000000000000000000000000000000000000000000000000
00000000000010000000000000000000000000000000000000
00000000000010000000000000000000000000000000000000
00000000000010000000000000000000000000000000000000
00000000000000000000000000000000000000000000000000
00000000000000000000000000000000000000001100000000
00000000000000000000000000000000000000001100000000
00000000000000000000000000000000000000000000000000
00000000000000000000000000000000000000000000000000
00000000000000000000000000000000000000000000000000
00000000000000000000000000000000000000000000000000
00000000000000000000000000000000000000000000000000
00000000000000000000000000000000000000000000000000
00000000000000000000000000000000000000000000000000
00000000000000000000000000000000000000000000000000
